numInputs,2
numNodes,39
numOutputs,1
arity,2
functionSet,add,sub,mul,div,sig,1,wire,step,min,max
1
0,-0.927610
1,-0.183447
4
1,-0.567553
1,-0.486923
8
3,0.133030
3,-0.058565
0
1,-0.388287
1,-0.652455
3
2,-0.300516
1,-0.892209
8
6,-0.850337
2,-0.726188
2
7,-0.392987
0,-0.532701
5
4,-0.467940
5,-0.193640
3
0,0.215552
9,-0.027558
3
0,-0.736198
7,-0.535569
2
6,0.045808
7,0.166967
0
6,-0.402326
4,-0.857295
9
0,-0.324747
6,-0.431196
6
4,0.228065
3,-0.969359
6
6,-0.662221
15,-0.155004
0
15,0.373638
10,0.943297
7
14,-0.727714
1,-0.839778
9
1,-0.260353
0,-0.742180
2
11,0.271706
8,0.881710
9
1,0.074496
16,0.739616
4
19,0.912412
9,0.053621
6
18,-0.879818
11,0.198218
6
2,-0.727165
12,-0.164159
3
4,-0.617664
17,0.475143
2
20,-0.764031
12,-0.368633
8
5,-0.577380
25,0.938169
8
26,-0.792413
27,-0.611072
7
28,0.436384
13,-0.357707
8
21,-0.588733
22,-0.348003
6
24,0.590503
29,0.110141
8
3,-0.700369
29,-0.489975
1
12,0.176550
31,-0.089511
7
24,-0.675527
23,-0.270974
6
34,0.804132
17,-0.567675
2
35,-0.063143
25,-0.170568
8
33,-0.258461
36,-0.914487
0
37,0.560778
30,-0.446638
2
0,0.406171
32,-0.935911
9
39,0.256386
38,-0.138218
40,