numInputs,2
numNodes,19
numOutputs,1
arity,2
functionSet,add,sub,mul,div,sig,1,wire,step,min,max
8
0,-0.974303
1,-0.610218
7
0,0.156407
2,-0.196936
2
0,0.565844
1,-0.473312
7
2,-0.741691
0,0.354045
5
3,0.123753
4,0.177526
6
2,-0.123936
1,0.508896
7
7,-0.808405
6,-0.696097
0
8,-0.784173
4,-0.101230
8
5,0.250893
0,-0.071566
1
10,0.994568
2,-0.267434
7
9,0.784661
5,-0.918943
6
6,-0.272866
12,-0.018525
0
3,-0.653798
11,0.978393
4
12,0.488632
14,-0.718741
2
10,0.231056
13,0.232154
6
15,-0.222877
16,0.585559
2
17,-0.506394
11,-0.459761
1
18,0.257729
16,-0.244545
0
1,-0.883663
19,-0.313150
20,