numInputs,2
numNodes,23
numOutputs,1
arity,2
functionSet,add,sub,mul,div,sig,1,wire,step,min,max
8
0,-0.465133
0,-0.652516
3
2,0.869442
2,0.502121
3
0,-0.040742
2,-0.438948
6
3,-0.024323
0,0.655690
5
2,-0.342692
3,0.106418
9
4,0.370586
0,0.831599
0
4,0.282571
6,0.956297
3
0,0.640004
7,-0.658559
0
6,0.020051
8,-0.289529
7
10,-0.336344
5,-0.882565
5
7,0.222144
11,-0.830683
4
0,-0.343608
10,-0.221168
5
11,-0.006195
11,0.991455
2
14,0.897885
14,0.060579
1
9,-0.488937
11,0.960570
6
16,0.163610
8,0.800653
1
13,-0.099521
15,-0.062471
5
10,-0.557237
17,-0.977538
1
12,-0.365337
19,-0.055757
4
20,0.191687
18,0.545518
6
2,-0.581408
10,0.391705
2
21,-0.814753
22,-0.034211
1
17,-0.845882
23,-0.247353
24,