numInputs,2
numNodes,21
numOutputs,1
arity,2
functionSet,add,sub,mul,div,sig,1,wire,step,min,max
8
1,0.549242
1,0.748039
0
2,0.027619
0,-0.935484
0
1,-0.316385
3,0.475387
8
2,-0.639576
0,0.017426
5
0,0.965331
4,-0.404401
1
2,-0.068514
2,0.024140
0
6,0.684439
4,-0.532212
5
7,-0.395428
4,0.482101
9
9,0.544664
8,-0.894467
7
5,-0.368999
10,-0.018036
6
0,-0.539720
10,0.821100
6
7,-0.419782
9,-0.145848
5
12,-0.217322
3,-0.638844
9
14,0.547777
12,0.972533
3
13,-0.715445
12,0.040071
4
15,-0.041047
6,-0.107212
1
11,-0.858699
16,-0.555589
2
17,-0.085604
9,-0.336528
5
18,-0.394086
19,0.709464
9
18,-0.831965
20,-0.279946
0
21,-0.511887
19,0.225074
22,