numInputs,2
numNodes,16
numOutputs,1
arity,2
functionSet,add,sub,mul,div,sig,1,wire,step,min,max
9
0,-0.094333
0,-0.210303
6
0,-0.844111
1,-0.389935
7
2,-0.927061
1,-0.561693
1
1,-0.010651
0,0.063204
2
3,0.582873
5,0.868282
7
5,0.605823
0,0.312662
9
2,0.702445
4,-0.765862
7
0,-0.391217
4,0.302164
9
9,0.663625
1,0.286050
4
8,0.534165
5,-0.948729
8
10,0.563158
1,0.028108
2
9,0.177587
11,-0.852779
1
13,-0.608325
6,-0.234596
8
14,-0.854427
12,0.694327
8
15,-0.514145
7,-0.939573
0
16,-0.380474
13,0.270791
17,