numInputs,2
numNodes,19
numOutputs,1
arity,2
functionSet,add,sub,mul,div,sig,1,wire,step,min,max
4
1,0.207373
0,0.783502
6
0,0.181616
1,-0.729301
2
2,0.208167
3,0.874447
6
3,0.444136
0,-0.320109
9
0,-0.507004
5,-0.126499
1
4,-0.854610
1,0.290750
3
0,-0.084628
0,0.439436
7
8,0.281777
8,-0.978210
0
7,0.610584
9,-0.227149
6
10,-0.618824
0,0.804437
9
6,-0.023652
11,-0.003510
5
10,-0.256813
7,-0.724296
0
10,-0.984985
10,0.653554
8
0,0.799310
12,0.540208
1
14,0.523179
8,0.203040
4
15,-0.341105
1,0.271950
0
16,0.339885
13,0.023957
1
18,0.802179
17,0.932615
0
16,-0.908933
19,0.935972
20,