numInputs,2
numNodes,17
numOutputs,1
arity,2
functionSet,add,sub,mul,div,sig,1,wire,step,min,max
3
1,-0.160253
1,-0.151097
3
0,0.336161
1,0.914548
7
2,-0.742302
3,-0.042817
0
4,0.076388
3,0.553575
6
2,0.378765
4,0.249062
7
0,0.541673
0,-0.297647
4
5,-0.706656
6,0.728507
3
7,-0.493637
0,-0.820673
7
3,0.329386
1,-0.540330
9
9,-0.111972
6,0.097262
4
9,0.483810
9,-0.398358
1
11,-0.920652
5,-0.753349
3
12,0.777215
13,-0.431806
7
8,-0.407941
14,-0.201880
2
14,0.973083
15,-0.902097
2
3,0.883602
10,0.669912
4
16,-0.857356
17,-0.254433
18,